100
2.146981
2.146981
3.736926
3.736926
6.376371
6.376371
6.376371
8.963541
8.963541
10.852751
10.852751
13.023494
13.023494
15.055510
15.055510
16.626999
16.626999
19.337923
19.337923
19.337923
22.095837
22.095837
24.447487
24.447487
24.447487
26.910820
26.910820
29.339298
29.339298
31.060520
31.060520
33.154369
33.154369
33.154369
36.368954
36.368954
36.368954
39.083488
39.083488
40.537621
40.537621
43.117287
43.117287
45.004578
45.004578
46.660194
46.660194
49.245220
49.245220
49.245220
52.265484
52.265484
52.265484
54.828197
54.828197
57.027760
57.027760
58.867344
58.867344
61.321163
61.321163
61.321163
64.542030
64.542030
64.542030
67.416679
67.416679
67.416679
69.662910
69.662910
72.778687
72.778687
72.778687
75.264221
75.264221
77.273926
77.273926
78.796524
78.796524
81.430702
81.430702
83.800774
83.800774
83.800774
85.842361
85.842361
87.695740
87.695740
89.729828
89.729828
92.525002
92.525002
92.525002
95.580025
95.580025
95.580025
98.003868
98.003868
99.952698
99.952698
