100
0.028692
0.023642
0.020406
0.043620
0.131218
0.023642
0.008968
0.078773
0.083540
0.097876
0.131218
0.055106
0.020406
0.097876
0.068551
0.055106
0.023642
0.039988
0.036451
0.078773
0.055106
0.017607
0.078773
0.131218
0.039988
0.006011
0.043620
0.062545
0.017607
0.028692
0.039988
0.078773
0.043620
0.097876
0.069669
0.028692
0.020406
0.022395
0.036451
0.097876
0.024987
0.078773
0.131218
0.039988
0.131218
0.131218
0.039988
0.036451
0.097876
0.017344
0.097876
0.017607
0.036451
0.036451
0.104576
0.022395
0.039988
0.069669
0.068551
0.052028
0.068551
0.017344
0.043620
0.083540
0.131218
0.023642
0.010917
0.036451
0.068551
0.068551
0.022395
0.131218
0.052028
0.052612
0.097876
0.022395
0.036385
0.028692
0.104576
0.012234
0.062545
0.052612
0.052028
0.017607
0.062545
0.097876
0.022395
0.054230
0.069669
0.043620
0.023642
0.097876
0.097876
0.017607
0.022395
0.043620
0.044542
0.083540
0.017607
0.044542
