100
1.000000 1.311417
3.000000 2.982546
5.000000 3.138084
7.000000 4.335768
9.000000 5.898340
11.000000 6.201333
13.000000 7.029439
15.000000 8.607237
17.000000 9.319844
19.000000 10.590354
21.000000 11.115147
23.000000 12.952910
25.000000 13.094077
27.000000 14.135717
29.000000 15.975301
31.000000 16.106711
33.000000 17.147290
35.000000 18.303375
37.000000 19.643893
39.000000 20.066506
41.000000 21.274881
43.000000 22.916794
45.000000 23.821563
47.000000 24.495666
49.000000 25.025231
51.000000 26.238146
53.000000 27.583495
55.000000 28.908398
57.000000 29.770200
59.000000 30.550635
61.000000 31.570404
63.000000 32.242648
65.000000 33.049944
67.000000 34.170504
69.000000 35.414291
71.000000 36.484993
73.000000 37.207576
75.000000 38.475775
77.000000 39.691202
79.000000 40.020758
81.000000 41.054486
83.000000 42.472931
85.000000 43.761642
87.000000 44.469115
89.000000 45.540042
91.000000 46.105496
93.000000 47.214896
95.000000 48.083562
97.000000 49.135595
99.000000 50.516507
101.000000 51.252407
103.000000 52.315211
105.000000 53.228821
107.000000 54.201560
109.000000 55.454834
111.000000 56.648811
113.000000 57.406706
115.000000 58.664143
117.000000 59.070544
119.000000 60.576013
121.000000 61.319549
123.000000 62.067929
125.000000 63.726322
127.000000 64.809581
129.000000 65.090203
131.000000 66.824821
133.000000 67.299976
135.000000 68.125251
137.000000 69.283430
139.000000 70.042387
141.000000 71.678499
143.000000 72.987370
145.000000 73.670202
147.000000 74.797886
149.000000 75.730556
151.000000 76.729603
153.000000 77.818255
155.000000 78.496115
157.000000 79.096939
159.000000 80.885224
161.000000 81.976179
163.000000 82.828018
165.000000 83.959007
167.000000 84.615308
169.000000 85.623133
171.000000 86.061588
173.000000 87.296576
175.000000 88.094907
177.000000 89.274244
179.000000 90.185410
181.000000 91.572735
183.000000 92.778022
185.000000 93.224225
187.000000 94.786383
189.000000 95.317122
191.000000 96.636563
193.000000 97.881795
195.000000 98.125937
197.000000 99.672094
199.000000 100.233292
