100
1.500819 -1.073007 0.029020
-1.998880 0.278204 0.020768
-1.188661 1.373764 0.030563
-0.372180 1.538828 0.045450
-1.167074 -1.096169 0.044170
-0.966957 1.794618 0.019926
-1.859749 0.431991 0.025719
0.668776 1.254467 0.057940
0.429330 0.624474 0.119430
1.769869 -1.630108 0.008802
-0.448355 0.830622 0.101942
-0.419516 0.667046 0.116677
0.155080 1.150889 0.081092
1.405331 1.351093 0.023800
-1.320516 -0.025823 0.066531
1.044821 -0.561053 0.078780
-1.307356 1.078061 0.037871
1.528521 1.314440 0.020860
1.253691 -1.349886 0.029163
1.552239 1.320484 0.019952
1.623374 1.982473 0.005972
-1.792951 -0.284308 0.030634
1.318844 -1.022049 0.039564
0.473455 -0.143974 0.140813
-0.570638 -1.012572 0.080997
-1.969789 -1.405255 0.008520
-1.562977 0.760073 0.035148
0.322273 -0.819270 0.108023
0.813700 0.173093 0.112600
1.933883 1.881265 0.004180
-0.153043 -1.758607 0.033509
0.544514 -0.561786 0.117194
-0.412536 0.005435 0.146170
-1.889745 1.242550 0.012334
0.499259 0.861637 0.096935
1.319834 1.967556 0.009614
-0.071985 0.289666 0.152221
0.828036 -0.603879 0.094134
0.189925 -1.484883 0.051904
-1.561937 -0.627620 0.038594
1.566296 -0.179095 0.045934
-1.667379 0.219730 0.038693
0.188864 -1.347177 0.063092
1.126647 1.965774 0.012220
1.581378 1.257064 0.020685
-0.443745 -0.588563 0.121294
1.992741 -0.830126 0.015484
1.909706 -1.329966 0.010612
1.785640 0.304321 0.030856
-0.770716 -1.185572 0.058562
-1.161200 -1.087132 0.044914
0.343711 1.452140 0.052272
-0.117417 0.721169 0.121869
-1.221863 1.505585 0.024289
-1.068498 -1.757581 0.019192
1.416639 1.452508 0.020319
1.849610 -0.343632 0.027121
0.486484 0.494860 0.125099
-1.469957 -0.783131 0.039759
-1.781952 0.868726 0.022306
-1.071724 -0.210883 0.087650
-1.054152 1.868186 0.015946
1.793541 1.282378 0.014003
1.033105 -0.934117 0.060337
-1.406197 -1.057888 0.033839
-0.810057 -0.985438 0.070544
-0.125151 -1.829162 0.029640
-0.575121 -0.852329 0.093809
-1.213962 0.220969 0.074337
0.033321 0.656467 0.128233
0.303630 0.544249 0.131063
1.048611 1.018888 0.054654
0.262833 1.614106 0.041790
1.460477 -0.956047 0.034687
-1.325249 1.099520 0.036135
-0.850857 0.893610 0.074339
-0.178257 0.210380 0.153218
0.574228 -1.218937 0.064207
0.462316 -0.118429 0.142024
1.663509 -1.063288 0.022668
0.872548 -0.803409 0.078766
1.538847 -0.636936 0.039766
1.392956 1.810004 0.011724
0.343933 -1.453653 0.052153
-1.584616 -0.529016 0.039427
-1.673628 0.835591 0.027667
-1.573172 -1.103838 0.025109
-0.389650 -0.488626 0.130920
1.811757 0.817099 0.022083
1.176094 0.012162 0.079695
-0.007591 -1.968505 0.022928
1.446991 1.719227 0.012745
1.124594 1.468592 0.028764
0.578580 1.035634 0.078746
0.834949 0.438508 0.102019
-0.120198 -1.292074 0.068575
1.735523 -1.760872 0.007490
-0.842516 1.118416 0.059712
1.888126 1.563808 0.007882
0.457833 0.933035 0.092740
